1.
64187
3.
3 81307330383179290611088331202878734668778848101719584808539814683945622385989
616253917625295953517700074570712693200875
4.
65537 50284186384697320594576239143480772917894689510806042753112466195400178356451
18869330686185606275417404217237409390970389893587547857145449586129647858455
5.
57210140114546169885286560280488068632727193286043639293581061824848348002347 85815210171819254827929840420732102949679293833454978998221052401387351436463
61036035169987440962991408940012854808362036889448555288380665511688233681099
